2029717804390809602 0
2029717810162171906 0
2029717813517615106 0
2029717849504743427 0
2029717862104432642 0
2029717919952273410 0
2029717939128631298 0
2029717945017434114 0
2029717947550793730 0
2029717956392386562 0
2029717958959300610 0
2029717966391607298 0
2029717966592933890 0
2029717970736906242 0
2029717975317086210 0
2029717975333863426 0
2029718056669806594 0
2029718058196533251 0
2029718095123185666 0
2029718101968289794 0
2029718126228144130 0
2029718136646795266 0
2029718171912503299 0
2029718188488392706 0
2029718463819284481 0
2029718890866540545 0
2029720189221732355 0
2029720189221732356 0
2029720687270166529 0
2029720687337275393 0
2029720687354052609 0
2029720687421161473 0
2029720687437938689 0
2029720687656042497 0
2029720687706374145 0
2029720687790260225 0
2029720687840591873 0
2029720687857369089 0
2029720687874146305 0
2029720687907700737 0
2029720687941255169 0
2029720688226467841 0
2029720688461348865 0
2029720688478126081 0
2029720688696229889 0
2029720688713007105 0
2029720688830447617 0
2029720688880779265 0
2029720688897556481 0
2029720688914333697 0
2029720689149214721 0
2029720689165991937 0
2029720689266655234 0
2029720689316986881 0
2029720689451204610 0
2029720689467981826 0
2029720689618976769 0
2029720689635753985 0
2029720689652531201 0
2029720689686085633 0
2029720689820303361 0
2029720690021629953 0
2029720690172624897 0
2029720690524946433 0
2029720690726273028 0
2029720690826936321 0
2029720690843713537 0
2029720691263143937 0
2029720691665797121 0
2029720692034895873 0
2029720692152336385 0
2029720692219445249 0
2029720692236222465 0
2029720692437549057 0
2029720692756316161 0
2029720693796503553 0
2029720693813280769 0
2029720693863612417 0
2029720693897166849 0
2029720697588154370 0
2029720699047772161 0
2029720699098103809 0
2029720699366539265 0
2029720699467202563 0
2029720700121513986 0
2029720700675162113 0
2029720700708716545 0
2029720701514022913 0
2029720701899898882 0
2029720702302552065 0
2029720704231931905 0
2029720704299040769 0
2029720704886243329 0
2029720706849177601 0
2029720706916286465 0
2029720708375904257 0
2029720708392681473 0
2029720708426235905 0
2029720708577230849 0
2029720708644339713 0
2029720709147656193 0
2029720709399314433 0
2029720709466423297 0
2029720709617418241 0
2029720709684527105 0
2029720709718081537 0
2029720709768413185 0
2029720709818744833 0
2029720709852299265 0
2029720709885853699 0
2029720709919408129 0
2029720709936185345 0
2029720709952962561 0
2029720709969739777 0
2029720709986516993 0
2029720710103957505 0
2029720710154289153 0
2029720710187843585 0
2029720710204620801 0
2029720710355615745 0
2029720710405947393 0
2029720710556942337 0
2029720710624051201 0
2029720710674382849 0
2029720710691160065 0
2029720710741491713 0
2029720710909263873 0
2029720710926041089 0
2029720710942818305 0
2029720710976372737 0
2029720711077036033 0
2029720711160922113 0
2029720711194476545 0
2029720711311917057 0
2029720711328694273 0
2029720711395803137 0
2029720711446134785 0
2029720711647461377 0
2029720711731347457 0
2029720711748124673 0
2029720711832010753 0
2029720711848787969 0
2029720711882342401 0
2029720711915896833 0
2029720711949451265 0
2029720712016560129 0
2029720712033337345 0
2029720712083668993 0
2029720712100446209 0
2029720712117223427 0
2029720712150777857 0
2029720712167555073 0
2029720712184332289 0
2029720712217886721 0
2029720712234663937 0
2029720712318550017 0
2029720712352104449 0
2029720712368881665 0
2029720712654094337 0
2029720712687648770 0
2029720712754757633 0
2029720712771534849 0
2029720712872198145 0
2029720712905752577 0
2029720712956084225 0
2029720713056747521 0
2029720713107079170 0
2029720713190965249 0
2029720713207742465 0
2029720713258074113 0
2029720713274851329 0
2029720713291628545 0
2029720713476177921 0
2029720713560064001 0
2029720713694281729 0
2029720713761390593 0
2029720713929162753 0
2029720714029826049 0
2029720714164043777 0
2029720714214375425 0
2029720714617028609 0
2029720714684137473 0
2029720714734469121 0
2029720714751246337 0
2029720714818355201 0
2029720714835132417 0
2029720714868686849 0
2029720714935795713 0
2029720714969350145 0
2029720715019681793 0
2029720715271340033 0
2029720715304894465 0
2029720715372003329 0
2029720715388780545 0
2029720715405557761 0
2029720715472666625 0
2029720715506221057 0
2029720716714180609 0
2029720716730957825 0
2029720716747735041 0
2029720717100056577 0
2029720717586595841 0
2029720717603373057 0
2029720717653704705 0
2029720717771145217 0
2029720718240907265 0
2029720745185116161 0
2029720745487106049 0
2029720745621323777 0
2029720746023976961 0
2029720746091085825 0
2029720746107863041 0
2029720746191749121 0
2029720746325966849 0
2029720746611179521 0
2029720746627956737 0
2029720746678288385 0
2029720746695065601 0
2029720746711842817 0
2029720746745397249 0
2029720746795728897 0
2029720747047387137 0
2029720747164827649 0
2029720747382931457 0
2029720747416485889 0
2029720747550703617 0
2029720754345476097 0
2029720754379030529 0
2029720754446139393 0
2029720754546802690 0
2029720754597134337 0
2029720754681020417 0
2029720754714574849 0
2029720754848792577 0
2029720754882347009 0
2029720754915901441 0
2029720754983010305 0
2029720755016564737 0
2029720755033341953 0
2029720755050119169 0
2029720755201114113 0
2029720755318554626 0
2029720755419217921 0
2029720755872202753 0
2029720755956088833 0
2029720756174192641 0
2029720780819922945 0
2029720781474234369 0
2029720781658783745 0
2029720781843333121 0
2029720782346649601 0
2029720782380204033 0
2029720782430535681 0
2029720782665416705 0
2029720782849966081 0
2029720783017738241 0
2029720783034515457 0
2029720783118401538 0
2029720783219064833 0
2029720783269396481 0
2029720783638495233 0
2029720783688826882 0
2029720784678682625 0
2029720784745791489 0
2029720785031004161 0
2029720785450434561 0
2029720785735647233 0
2029720786205409281 0
2029720786389958657 0
2029720786524176385 0
2029720786540953601 0
2029720786591285251 0
2029720786658394113 0
2029720786792611841 0
2029720787061047297 0
2029720787161710593 0
2029720787195265025 0
2029720787363037185 0
2029720787698581505 0
2029720788084457473 0
2029720788185120769 0
2029720788436779009 0
2029720788453556225 0
2029720788654882817 0
2029720788822654977 0
2029720789023981569 0
2029720802982625284 0
2029720809190195201 0
2029720810096164865 0
2029720810180050945 0
2029720811069243393 0
2029720811102797825 0
2029720811203461122 0
2029720811220238337 0
2029720811304124417 0
2029720811337678849 0
2029720811371233281 0
2029720811488673793 0
2029720811539005441 0
2029720811673223169 0
2029720811790663681 0
2029720811924881409 0
2029720811991990273 0
2029720812025544705 0
2029720812210094081 0
2029720812226871297 0
2029720812243648513 0
2029720812293980161 0
2029720812327534593 0
2029720812394643457 0
2029720812411420673 0
2029720812461752321 0
2029720812595970049 0
2029720812763742209 0
2029720813518716929 0
2029718054455214082 2
2029720709432868866 2
2029720783823044609 2
2029720785651761153 2
2029720689233100801 4
2029720689300209665 5
2029720689367318529 5
2029720709785190401 5
2029720710254952449 5
2029720711563575297 5
2029720747181604865 5
2029720811086020611 5
2029720711177699329 6
2029720746997055489 6
2029720781541343233 6
2029720810649812994 6
2029717864755232769 7
2029717922267529220 7
2029717966592933892 7
2029717969629609985 7
2029718010918338562 7
2029718095811051522 7
2029718118409961474 7
2029718130288230403 7
2029720679351320578 7
2029720687303720961 7
2029720687320498177 7
2029720687605710849 7
2029720688511680513 7
2029720688528457729 7
2029720689182769153 7
2029720689971298305 7
2029720691967787009 7
2029720692286554113 7
2029720692336885761 7
2029720699014217729 7
2029720701866344449 7
2029720703728615425 7
2029720708443013121 7
2029720708560453633 7
2029720709130878977 7
2029720709416091649 7
2029720709449646081 7
2029720709634195457 7
2029720709701304321 7
2029720709751635969 7
2029720709869076481 7
2029720710020071425 7
2029720710070403073 7
2029720710271729665 7
2029720710305284097 7
2029720710422724609 7
2029720710506610689 7
2029720710875709441 7
2029720710993149953 7
2029720711060258817 7
2029720711127367681 7
2029720711144144897 7
2029720711244808193 7
2029720711261585409 7
2029720711462912001 7
2029720711530020865 7
2029720711597129729 7
2029720711613906945 7
2029720711697793025 7
2029720711865565185 7
2029720711932674049 7
2029720712134000641 7
2029720712284995585 7
2029720712737980417 7
2029720712855420929 7
2029720713509732353 7
2029720713610395649 7
2029720713744613377 7
2029720714130489345 7
2029720714667360257 7
2029720714717691905 7
2029720714851909633 7
2029720714885464065 7
2029720714919018497 7
2029720714952572929 7
2029720715338448897 7
2029720717804699649 7
2029720724700135425 7
2029720747433263106 7
2029720754412584961 7
2029720754513248257 7
2029720754563579905 7
2029720754580357121 7
2029720754798460929 7
2029720783705604097 7
2029720784074702849 7
2029720785232330753 7
2029720785601429505 7
2029720785668538369 7
2029720785702092801 7
2029720786087968769 7
2029720787010715649 7
2029720788336115713 7
2029720788738768897 7
2029720789510520833 7
2029720809961947137 7
2029720811186683905 7
2029720811354456065 7
2029720811455119361 7
2029720811555782657 7
2029720811723554817 7
2029720811740332033 7
2029720811773886465 7
2029720811891326977 7
2029720812092653569 7
2029720812545638401 7
2029720812579192834 7
2029720812679856129 7
2029720812696633345 7
2029720710523387905 8
2029720809945169922 8
2029720715103567873 9
2029720747466817537 9
2029718116514136066 10
2029720754613911553 10
2029720689216323585 13
2029720754630688769 13
2029720687958032385 14
2029720690105516033 14
2029720690189402114 14
2029720708526899201 14
2029720709734858753 14
2029720711630684161 14
2029720711798456321 14
2029720714466033665 14
2029720715170676737 14
2029720783336505345 14
2029720783806267393 14
2029720813233504257 14
2029720701933453317 15
2029720713409069057 15
2029720715153899521 15
2029720704483590145 18
2029720691363807233 19
2029720689249878017 20
2029720700440281089 20
2029720712268218369 20
2029720689786748929 21
2029720713425846273 21
2029720746460184577 21
2029720754764906497 21
2029720755922534401 21
2029720785316216833 21
2029720812260425729 21
2029720755285000193 23
2029720811287347201 24
2029720785551097857 25
2029720689283432449 26
2029720710573719553 26
2029720712201109505 27
2029720714549919745 27
2029720699030994945 28
2029720709181210625 29
2029717819507081218 30
2029720812713410561 33
2029720690122293249 37
2029720710221398017 41
2029720700691939330 42
2029720687169503233 47
2029720786725502977 47
2029720690071961601 54
2029718103746674690 59
2029720710288506881 90